0000000000000000000000000000000000000000000000000000000000000000000000000000000000000000000000000000000000000000000000000000000000
0010010110100000000100001110100000011010010101111000101001010001010001011111100100100100001010001110010011011101101100110101000110
0111011011000010000110111100110001000111110010010100110011111011110001000000001100001010000010011101101101011110011011011111011010
0111100100111000101101111011110011111011010011110111111101001010100001001111001001110001111110011110001110101000000110101110010010
0001100100111110000000011001001100000101001011100011111100101010111101100010111001000010011110101000111011110111010111011100111110
0101001010001101101111111001001000000110011001110101111100001010101010000101001101000101110100110100011001010111010110111110000100
0000111011111111111000100011001010111111001010111101111011111110000101100111010101110110010100101110110010101110101111100010111000
0001000000010010111011110110010110001111101111001110101101011010110010000110000101101011001010001111111100111000010001000110001100
0100110001100001111111101100010101011110101010000110000011001110011110011010010001110110011100011000110110010010100011000000011100
0000111100101010011010010110010110011000010110110101010111001000011111101110000000000001111010110011100001011110011101101001001110
0011111011001100100000110100000011100100110101010100111010010001000011100101010010111110110011111111100111101010011101001001001100
0101000010001101011011001001000010110111101001100111111011000000111100101101010000010100011010100111010000111110110010101101011010
0110001111111001000101000010010000000100100101010000110011101000111100111010110000000110110101001001000000001100110101111001100110
0011111111011001011011000101001101001111001010000010001100010101110010010001110011111101101001100110100010111000111000100011010000
0110001010011010101101000101100110011010100011111010010100111111000111010010110010100100000110011010101010101111100100010000001010
0101001000110101111101111010111010010101001011001000001011011000110111000010110011000111110000001111110110000010001111101110101110
0011111000000111110111111101101000110101000000011010001111001011100110000110100110101001101110100001101111110001100000001110100000
0100100111110111110011011001111000001101011110101000000100100011111100011011000010100011011010111101100000111111010111000000101000
0010010011011111110011001000100001010010111000010101101100000000100011100001101111000101100001010001010101100010100010001111110110
0011110110101010110001001101101100011010111001101100100100001001111011011010001101001110001100110100111111110001111111010100010010
0110001010100001001010001111101111010111001101010010111101111111010111001110101111110101011110010000111101100101101001100101010100
0111011100110010110110110010101101100100110101011000011100100001010111001111011100111110111111000000100110110011100000010111000010
0010111010101101110111111101001101010011100010111000011111001111111010000111100011010010100101111111010011110010010011100000001010
0001001110110111001100111101011110100110010110111011011100010101000001011000101100000001011110110010100001001000101010001010001110
0000010001100000000010000100010100110110100000100110011101001101000011111001010010100111000101100100000011100000111111110100001010
0010101111110110010111111011101011010100000101100010010000001100011101110010001000000111011010111100100000001001101110111001000100
0001101100000111001101011010100000000110000011101110010001010001001101101000010111111111100001111001110010110111001011110111001110
0001000010000001010001111111110011111110110011011001010010000011110000010101110110110011110011101001111110100000011101100010011010
0111100110010101110101111111011101000010101101010111111010000010000010110101010110101100110011011000101000111001011000111010100010
0000101110010000101000011010011011110101010000110100101000100001100111111000010100001000001110010001101110001101001010001101010000
0100000001111101100101000111100110011111101110010101000001011000100000110000000110101110101110111101000101011001110001011010010010
0001101010000101101010001100100111110111101101101000011100100110111011100001010110001000110001100000100110110110010101000100000000
0011111001101000001100111010111111101001101000110010100111000001001000000000001001001110101011111101110100001110011111101000011010
0011111000111101001000101110010100011101101000001000111110101011101011101111101010111110000000100010100100011011100010101000110110
0110000001100101011110111001011010010001001000010110011001010111000101000011000100011001100010111100000101100101010011100011010000
0110000000110011000100010010110000101001010111110100001001000101000111100111110011111011111010101010000001000100110001000100110000
0100100000001000110001100001111010110110010110000001010110011101001010111100010011100001010110101001001101110010111111010011011010
0111100100010111000010001100100100100100010110011111110011110010101100101000001011011011010110011010110000011101111011001011001110
0111000100011100011100101111010011010111110001010011000001011100001001100010111011110000111100001011111110111101000001110001100010
0111101000111101010110110001011010011100010110100000000000011001010101010100000100010101000011111001001110011000011011001011110000
0101110110110100101010111100001100110000110111101110101100011000101110000000011010111000100100100000010111000110010110110001000010
0110011110011110001111010111101100011011000110000111000000000100111110000000001010100110111110011001011001111000000111110001110010
0111001010111101000110001111000101010010001111010000110100010010001101001011111010110100001011010011101100111000111001110010000110
0111110101000111010010100001110001100101011101010010011110111000010000001101100010110110110011111100001101010100111111101110101110
0001001100011011101111000011010011100010001110101001011010111011000101100110010010111000000101100011101000011010101010110010001000
0010110001001010111110110110000000000011110100000110100110110001001001000100000011001101110111011110101011110101010001010101100010
0101010100110000100110010100000011000100100011110110010011101011110110110000001100110000001110111010010111000000011011001010001000
0101000010011011010000100010111011100111111000001100110110011111100101101111111100110000010001000100110111010010000111011110110110
0001101111110010110010101011110101011110111010110011100010100111101110111000010101011001100101110101010100101100111011010101000010
0000100110000010100000100011110111001011001111100000000111101111001101111101001111001101100101011010011000000011000000010011011100
0101101100011100111110101011000100001010111010000101001100000001000010011100011001011110011110011010101010001111011000100001001100
0000011100010110100101000011111101001100011101010011000100000000000110011001011011010010011100111011110010010100101010100001111000
0101011001110101001011001100000110000000010011011100001110011100011011111110001110101101111011000011110011111001001011010111100100
0100010000010111000000011111011101001111100111101110010010011110001010011001111000000111110010111001000010111000100100110100111010
0000000111010000011010100001010011001011011000111011010000001100110111110101011011010100000111111011000100110110101010010101001110
0101110001101001010010111000111111000000110010001011111111000111010101011111010100000001100110010010000001111111000001011110001100
0001110011000001101100001011100001111111010111100011010001110100001110100110100011111010101110100010001111010011110000110001010110
0001001010111100011111101111111110100100000100000001110001111001101000000111101110100111110111001100001011110100100010101110001000
0111010100000100011011000011000110100101000110011000101001000101101011111011111001110001011110110101100011010011110111101001000110
0111001010101110010110110001000110111001010110111110011111101001100110111011011000000010110111110111100100111001100011001100011010
0111101110001001100101010000110010011000101110001000000100010110100101010110010101010111011010010010010000011101001110000001001100
0001000001011001101110110001101010110101010101111011010000010111001110001011110000101000100001111010001110001101010111010111000110
0110000000010111111011010101100010010011111100011001001001000110010111111111000110000100100011110101000100100001010010100110101110
0111011001001010110100110101001001110111010111001011010100000011011010000100111101010100001011110000011101110001100100011001101100
0000011101000100000001011110100011101101000101000110100111110110111011001110001110100011010111110010001111011111111000000010011100
0001011101000001110111011110011110001111101011111000011100101100101011011101000010100111010011100000110000100110111101000010110110
0100101000010001011111101110110100001110011100100100001000010111000100111011011010000001110101011111010111010011111011001101101000
0111101100101101001100110010111110101110011000110000100000110010101101100110011111000000001011111111111010010001110001001010100010
0111010100101000000010111010000101001111001001110111101010100111010110001001011111001011100011010011100010001110100111110110001010
0101000010011101000111010011101011010110110011000110010100001000001010001011111111011100110001000111011101001101010000101110101010
0111010100111001110111001111010000110011011111010011100101111111010010010100111011011100011001100110001000010010000010110010101010
0111011101100100011110101010110111110100110011001111100111100110011100100110011110011010100001100011000111010001001000110010100100
0001110110111110110011001101101010011110110001000111110001110010000010001101111101101011101010100111011110000011100010111000100000
0001011110100011010010010101001010011000000111110100100010001011000000101011000110010101001010000111001011111011111010111000011100
0000110101010100111010000010001111011110111111101010011110111110110010100000101001101010010000010000001000001111011010101010011110
0110000001101011100010110010010000011001001010001001101001011010011011000010111111101101000110001101000011000111000001000111000010
0100111000101000110010000100101011000100100101011111110011111000111111111010110000011101011100110100110001001101101011101010001110
0000100110110100011110111110111111010011101010001100111111101110100001001011000101000010000111101111011010101101010011110000111000
0000000100111111000010111110100110111101011110001100111111101111000111000100111001011110110111011110111111000101001111110111110110
0110010010111010000001011111001100110001110111011101110100000110000010000111001101101110010101111001000100011010000001111101000100
0011111110000101010111010000001111100100100101001111101011111100111000111110100000000010001001100010100010100010011011100101100100
0010000101101111100000010111110001110000010001001100010011010110010001110011100011000101000010100000100000011011100110000010111010
0010100111100010010100000011111011110011111001010001110010000001010001000001100110110011001011001011101100001001101000100111110010
0001101001111010110010101110100010001110100010111011100110101011010000000100100001100011010101010100101011000000010000111010001000
0001100101100010011111101001011001111010010111001000111001100001110011111010011001000100001101101011010000000001011000011001010100
0011100010011001010000111101101001100010000010000001011110101011111000010111011010101111110000001111001011100001101100111011011000
0101101010110001111101010000001011000101010010010001001001011011000100000000110011010110100010110010101000001000001010111001000100
0101101111110000011101000000000010011110001110011011001111000000110110100110111011010011011011010000000110101110111011010100001100
0000101000001100101110010110100001100100010000111100011110101101100000101000000111010010011111100100001001000010011001001101000110
0101111100101101010110100100101110101010100101001011101000101100111010100001011100111010101001111111010011001010001010001011110100
0011000001101101101001100010000100010100111010100111111101010010011000000010100011111000010110100100101001111000001101100110011110
0010010101011110111110010000100000000100101011110110001010110001110101011010001010010101100100010111011100100110110110000000100000
0011100101000000101101110101110111001001111110101011000000100011110001001011001100100011000011000110010010010011111010110111011100
0101100101101101100000101001101011110110001111101101011111111111011001011101011001010101111001110000010001011110110000001101011110
0011100001011011000001011110011101001011010011010100001010010111101001111101001111100110001000110010001100001000011010010010000110
0001111000000000110100011001010110001100100011001100100101100001000100100100110110110010110111110111001110101000000010111001000010
0100001010001011011101000101010110011011011101110101011111101110101111011010111011100011001100111100100011110011001100010111010000
0001110010111110110001111000101111101001101101010101100010110000001111010001000111110010101001000001110100010010101011001000001100
0110010011011101011110001111000111001001101111100100001111100010101000011101000001110010001010010011100111001011001011110001000100
0110001000011110001010110101100110101100000011111001100011101011101010011011010011011001100111111011010001010100111001100000001110
0101110010011110000100010111101010001111000000001100011011001100101101010100011011010111100000111000001000110010100110101010000100
0101110100000111000001110000110001101001100001001111100111110000010001100110100101000101111001011000111100011000010110110111011010
0000000111110011100010010001010010010110010100111010001001101001010000000000111110011100110111101111001100111001001010110000110110
0010110110001110001111111010101111100010011011001001010100100110111010001100000010100010011010011011101111111000100000000010101000
0011110111000110000001001101111111011011101000111110100110111001100100111110010000010101011010010111000100011010101101000101110010
0100110011101010100111100101101000010001011010100000110110001101001000000000011101111000010001110011010111101100111011011011010100
0010010101010111000001010011011101100000110101110001100111100101101101111000100101001001100001100100111110000011011100110100010100
0111111100110000001101010000110100111011011011001100111000011001001110111100000010111111001010101110111001101110101100101010101100
0010100000110110000000101101011111111000011101101111010000101111010010110101101101001111111111110000001010110101100110001001000110
0110011101101100101000101100010010100010000101100000100010111010111000001001110111010010000100101101001001100011100010111110110000
0010001100100100100000100001110001101010001001010001111011010010000111111101110100111100001101100101001101000101111010100010111000
0000101010101101010010001010101111000100101000001011001101101011011010001101111011000101110000101111110110111011100110101001010100
0111011111000010010010100000101111100010000101101011110111111100110010111001001011100011100010111011100000001110111011011010101110
0010111100100001010111001111010001010110000000111101101100110011010011110001101101100001001101000000000101101011011100000000000000
0111110010011111000110010001010100111101010111011011101010000010101001110011001100101100011010110000101111110110110000101101101110
0010010011111111111100000101010100101111110101010011011110011000011110011100000111111100010000110100001001011010011100100100011000
0001011100000110100100111001000001100111011010101001011100000011010001100010000011000010110000110111001010001110111111011110110100
0010101100001001010101001100010010000101111101111101111010111011110000000000001111010110001101010001000111100111111001110001010010
0001101100110100101100010000101101111111111101011101110111110111101001101010100110011010000001101111000100100001110110011010111100
0101000111001001001100110001110101000001110101110001100010110100011000100010101011111110101100111000001100011111100101101000001100
0101110011000101001100000011011101011011100110000100111001011110010110001111011010001101111101000001001111010100110010001001010100
0111010110010000011101110101111111101110100101000010010001010001111000100111000001110110101000010001010101000111111110011010110010
0110100100111000100100100110101001010010100110000100101111111100100101110101101010100010011101011010110010111000000011010101011110
0011110010101100010000111010001110001111110010101100000110010100101111000001001010011111000011111101010110100001111111001101011000
0011110001110110011011101101101000010001001110101110000001110100110111000110101011001110000111111110101000101011010011011010101000
0110011001111110000111101001100000101011101011100111100111000110011011000000111000011010010101110110111111010010010111101110100010
0111101010001111110111110001110101000111100010010100100100100010111111101011001111110110110100110111011000000110111011111110010110
0100001110001001100011010010111111110101110101000010000101111110110000110100111011101010000111001100100101110101011100100010001110
0011011100000101010000100111101100110010101011010110101110001111100011101001011010000101110001010110100000110101001010111101111010
0000000000000000000000000000000000000000000000000000000000000000000000000000000000000000000000000000000000000000000000000000000000
